1756025228791 4.321961118816667 0
1756025233100 2.941648014284915 0
1756025237471 2.483371501165273 0
1756025241904 2.112789872080402 0
1756025246181 1.5272564912990294 0
1756025250442 1.5148857023641311 0
1756025254838 1.236543046679187 0
1756025259148 1.160295715311428 0
1756025263489 0.9246414214186209 0
1756025267836 0.7851793442445637 0
1756025272223 0.6226674635368511 0
1756025276723 0.5661001181230755 0
1756025281030 0.46823549846129664 0
1756025285346 0.3402711213355606 0
1756025289707 0.31801030997801233 0
1756025294011 0.19900674390989515 0
1756025298407 0.010916394148538755 0
1756025302751 0.15291187420564437 0
1756025307022 0.04454102044791425 0
1756025311311 0.009533641743171404 0
1756025315625 0.062086367275677665 0
1756025319962 0.15577728693389106 0
1756025324267 0.07947132639303624 0
1756025328656 0.15998155404948322 0
